timestep = 4.812097e-013 at iter = 100
timestep = 1.261283e-012 at iter = 200
timestep = 4.812097e-013 at iter = 100
timestep = 1.261283e-012 at iter = 200
